25.6749
29.4507
27.0219
28.7430
28.3099
29.8523
29.5711
23.9956
27.1821
23.7277
26.1276
30.0780
26.8667
30.6030
33.1283
28.1690
27.9389
29.5540
30.8716
31.5862
25.7657
29.7025
29.2403
29.0461
26.6913
28.0216
25.7076
32.3389
26.3332
29.3190
27.2354
27.4428
27.1831
29.3483
27.5618
30.5804
30.0244
27.9775
28.6252
28.5214
24.1901
36.5787
31.6304
23.3335
29.1751
26.5160
28.2149
28.0684
32.3480
31.7547
28.0161
28.0763
27.5621
28.5766
25.2966
26.5522
28.9961
26.2719
27.4712
32.9301
27.6532
30.3766
26.2009
24.8628
28.2137
30.3255
26.0749
28.5444
0.8974
0.9214
0.8793
0.8763
0.9124
0.8769
0.8990
0.8302
0.8614
0.8477
0.8392
0.9129
0.8539
0.8866
0.9300
0.9108
0.8449
0.8916
0.8843
0.9227
0.8484
0.9304
0.8889
0.9354
0.8586
0.8948
0.8332
0.9381
0.8101
0.8914
0.9174
0.9060
0.7266
0.8843
0.8810
0.8917
0.9085
0.8475
0.8969
0.8918
0.8717
0.9777
0.9374
0.7815
0.9098
0.8617
0.8892
0.9020
0.9493
0.9146
0.8744
0.8696
0.8665
0.8859
0.8048
0.8639
0.8946
0.8625
0.8662
0.9408
0.8548
0.9118
0.8427
0.8688
0.9137
0.9143
0.8627
0.9367
