26.4325
30.0479
27.7841
29.1523
29.0563
30.3233
29.9984
24.6279
27.9594
24.3643
26.8684
30.9184
27.6585
30.8476
33.6108
28.8926
28.9140
29.9126
31.0652
34.0758
26.4250
30.3824
29.7689
29.5262
27.2593
28.7933
26.2651
32.8949
26.7130
29.5071
27.8190
28.2337
27.5199
30.2048
28.5259
31.0015
31.4569
28.5163
29.2187
28.9459
24.6850
37.8415
32.8872
24.0183
32.7944
27.5150
28.7297
28.7456
33.2207
32.8208
28.5531
28.4637
28.0993
29.3650
25.8606
27.1871
29.6084
26.6633
28.1968
33.5317
28.3039
30.6655
26.6286
26.0178
30.1708
31.9780
26.5322
29.9544
0.9180
0.9307
0.9039
0.8882
0.9286
0.8896
0.9098
0.8610
0.8872
0.8776
0.8589
0.9265
0.8762
0.8945
0.9386
0.9222
0.8955
0.8976
0.8895
0.9690
0.8673
0.9382
0.9001
0.9455
0.8752
0.9130
0.8548
0.9469
0.8298
0.8977
0.9309
0.9169
0.7525
0.9003
0.8941
0.9019
0.9146
0.8681
0.9071
0.9020
0.8876
0.9857
0.9448
0.8274
0.9367
0.8823
0.8995
0.9188
0.9577
0.9334
0.8867
0.8802
0.8811
0.8945
0.8290
0.8835
0.9046
0.8772
0.8893
0.9446
0.8814
0.9192
0.8604
0.8961
0.9261
0.9197
0.8807
0.9511
