26.3518
30.0178
27.6987
29.1301
28.7289
30.3972
30.0155
24.6981
27.7943
24.3811
26.5699
30.8582
27.6672
30.8966
33.7360
28.8209
28.2000
29.9375
31.0755
31.6012
26.3759
30.3258
29.8185
29.6082
27.2321
28.7215
26.3107
32.7870
26.7436
29.5324
27.8215
28.3195
27.5454
30.1189
28.5249
31.0515
30.2274
28.5275
29.2072
28.9167
24.6969
38.0290
31.8995
24.0500
29.1396
26.7997
28.7591
28.4624
33.3189
31.8749
28.4557
28.4956
28.0870
29.1536
25.7626
27.1229
29.6478
26.7074
28.1122
33.2856
28.3738
30.7337
26.6727
25.4634
28.5811
30.3698
26.4863
29.2354
0.9107
0.9304
0.8994
0.8871
0.9200
0.8905
0.9097
0.8619
0.8791
0.8766
0.8570
0.9258
0.8762
0.8947
0.9391
0.9204
0.8472
0.8977
0.8892
0.9171
0.8667
0.9361
0.9009
0.9462
0.8738
0.9083
0.8539
0.9441
0.8303
0.8977
0.9302
0.9175
0.7544
0.8997
0.8949
0.9021
0.9143
0.8680
0.9065
0.9001
0.8867
0.9853
0.9459
0.8289
0.9075
0.8763
0.8993
0.9072
0.9578
0.9154
0.8856
0.8803
0.8811
0.8950
0.8235
0.8783
0.9039
0.8780
0.8866
0.9454
0.8825
0.9198
0.8613
0.8908
0.9253
0.9182
0.8749
0.9448
